101
99
98
97
94
95
92
90
92
90
88
87
86
86
85
82
81
79
77
75
74
75
71
70
69
67
68
67
61
61
61
59
54
56
52
52
52
47
46
45
44
40
39
36
36
35
31
29
27
25
25
22
20
20
16
18
16
13
14
12
13
10
10
6
9
7
4
4
1
2
2
2
0
1
0
0
0
0
0
2
0
0
0
0
1
0
0
0
0
0
0
0
0
0
0
0
0
0
0
0
0
0
0
0
0
0
0
0
0
0
0
0
0
0
0
0
0
0
0
0
0
0
0
0
0
0
0
0
0
0
0
0
0
0
0
0
0
0
0
0
0
0
0
0
0
0
0
0
0
0
0
0
0
0
0
0
0
0
0
0
0
0
0
0
0
1
0
1
2
4
7
11
14
19
22
23
28
31
35
36
39
44
48
50
51
55
59
61
62
66
68
69
72
72
75
76
77
81
83
83
85
85
87
90
91
92
94
93
95
97
99
101
102
105
106
108
108
109
115
116
118
119
122
127
126
131
131
134
136
137
142
143
142
144
146
147
149
152
150
151
154
154
156
155
159
157
158
161
161
162
164
165
166
166
167
169
171
171
174
175
177
180
181
182
184
187
187
191
191
196
196
200
202
202
203
208
212
215
216
220
221
226
227
231
234
235
234
241
243
240
242
244
244
248
245
245
244
244
250
245
251
250
248
249
250
250
249
251
247
253
252
252
251
252
250
247
249
252
254
255
253
255
254
252
255
253
255
255
255
255
255
255
254
255
255
255
255
255
255
255
255
255
255
255
254
253
255
255
255
255
254
255
255
255
255
255
255
255
255
254
253
255
255
255
255
255
255
255
255
254
251
255
255
255
255
253
255
250
251
253
252
254
252
249
249
251
248
247
249
252
247
248
247
245
245
243
237
236
231
225
220
215
213
209
203
202
197
194
193
189
186
180
180
178
176
173
171
169
170
167
165
163
159
158
156
156
154
153
151
148
147
144
142
139
139
135
136
133
132
131
127
125
123
121
121
118
116
114
113
109
110
107
105
106
105
103
102
101
100
98
97
98
99
95
95
95
96
95
94
94
93
90
89
89
90
87
85
84
83
81
82
80
78
79
78
77
76
78
77
74
74
75
74
72
70
72
70
69
68
65

